50057
50114
50961
51544
49832
54488
56653
55249
53446
56860
59552
59564
59277
61079
60610
66111
65982
67280
65538
62468
69466
70789
69996
69819
71143
73970
76874
75825
75371
76708
79313
81326
79485
80258
79987
83513
84580
84125
84509
85050
90854
90216
89596
91174
87961
92529
94227
94071
95886
92932
97578
99451
98220
99397
97644
103532
103952
102903
103771
103446
109035
108994
108114
107535
108643
114954
113200
112614
115132
112233
117953
119538
117890
117182
118877
124235
123044
122657
122683
123353
128766
127693
126784
126376
126744
132795
130288
133980
132352
131050
135898
136969
135348
137389
136188
140876
143052
141401
142259
141399
39592
37866
39029
38177
38364
43380
42165
43777
44607
42323
47867
49479
47490
49416
48527
53061
52974
53145
52693
52340
58677
57667
56964
56969
56587
62298
61653
63061
62782
61782
68118
66007
67459
67721
68463
70923
70452
72815
71700
74067
78224
77832
76416
77154
76987
81731
82360
82187
80905
82022
86734
86739
86192
87557
87442
90649
89841
91945
91288
91810
95848
96370
97156
95053
96967
99987
99955
100615
100267
101290
105157
104289
106771
107410
105083
111773
110371
110746
111210
110918
114490
115737
114230
115638
114872
119705
119242
118556
119839
120052
124182
124577
124143
124731
124747
128752
129960
130116
128611
128419
32734
30459
30892
31226
32920
36492
36332
37016
37123
38055
40804
41974
42437
40570
41717
46907
47036
47122
45354
47212
51765
53110
51678
52569
52264
55548
55877
56322
55447
55304
61356
61122
61333
59932
61419
66582
66751
66942
65195
65870
70513
71451
69726
70950
71666
76494
74436
75784
76995
74529
79549
80851
80451
79845
78994
84153
83868
85324
85701
84517
91312
90240
91781
89941
89990
94336
93945
93009
93647
95054
97992
98157
100089
99466
98541
104098
105713
104663
103694
103749
109017
109477
109643
109469
108789
112721
112538
113081
113466
113431
119995
118783
118290
118415
117868
121512
123499
123011
122634
123081
29586
28371
28796
28454
28060
33125
34972
33621
33827
32794
39266
38001
39285
37663
39406
43633
43593
43467
43931
41833
50299
49016
49084
48326
48439
53642
53736
53837
53074
53947
57490
57448
58581
58772
58635
62574
63137
62871
61973
62553
70100
66128
67945
66527
67029
73028
72738
73313
72660
71823
76768
77687
77747
77996
76184
83371
81311
81943
81036
82333
86242
86693
86629
87508
85558
92047
90466
92845
91698
92499
95855
96623
96229
95928
96576
100864
102166
101949
101369
100656
106047
107022
104970
105853
104135
110359
111005
110091
109586
109823
114577
114956
114572
116017
115111
120929
120458
117703
120225
119218
27851
27232
26906
26892
26780
32714
31325
31418
32052
31362
38666
36280
36380
35821
36564
40862
42806
41811
42130
41413
47671
46414
46090
45310
46830
52433
50819
52107
51870
51600
55879
55942
56284
56681
56260
61764
62030
61853
61868
62520
65540
65269
65497
66640
65990
69434
72726
70176
70995
70487
76134
74874
74705
75339
75729
78936
80633
80290
80690
79890
84999
84574
86280
84550
84439
89873
89753
88014
89900
89085
93845
93584
93492
94170
93213
98227
99856
100363
98215
99044
105025
103975
103786
103785
104677
108835
108990
108597
109576
108067
114092
114253
112956
112891
113385
118046
116387
118984
117501
118474
25677
25789
25690
25726
25838
30996
29568
30667
30045
30676
35233
35012
35914
35476
36506
40166
41013
40122
40356
40005
45124
44943
44427
46494
44270
49831
50513
51189
50387
50235
54544
55046
55669
55437
55185
59636
59971
60790
58886
59380
65035
65687
64125
64686
65018
68078
69808
69566
68828
70191
74217
74569
74532
74024
75240
80684
80171
78047
77075
78023
82940
85144
82008
84112
83267
90446
87943
88804
88467
88830
94188
94409
93949
94210
92789
97291
97975
98175
98149
99003
103157
102411
100846
101214
102710
107732
106397
109084
107676
107786
111871
113617
113384
113398
112353
116687
115378
117100
118756
116427
25483
24031
24666
25263
23951
29057
29670
30060
29170
29023
34613
32819
34505
35123
34446
39819
38748
38678
39777
38838
44791
43973
43472
43868
44886
48934
49066
48831
48767
49066
55085
54459
54701
53226
53268
58290
59117
58561
58755
58220
63475
64647
63714
63774
63732
68557
68813
69220
68981
68378
73082
75099
74111
73502
73370
77561
77509
77912
79058
78079
83353
84133
81707
84271
82154
87711
86827
87784
87891
86954
92594
92533
93179
92518
93378
95999
94422
97439
97764
98226
101780
101636
102013
100737
101575
106929
105220
106443
107514
107516
112051
112308
110985
111578
111811
115529
117562
116938
114596
117559
23771
24566
23855
24613
25073
29913
28541
29960
29568
29778
33968
34553
34619
33745
33710
37606
38309
38964
39373
38169
44008
42793
43046
42997
43884
48929
49618
47746
48488
48559
54281
53214
53673
53034
52989
56985
57289
57426
57560
57222
63504
62386
62889
62581
63379
67460
68967
68051
67743
68077
73459
73407
73381
73477
72960
77452
77626
76369
78078
77742
81927
81695
81472
81954
82444
86956
86465
87989
88160
87154
91867
92550
90482
91220
92198
96782
96775
95550
96285
95910
101413
99080
102232
101025
101274
107647
105707
105694
106596
106133
110690
111107
111528
111504
110028
114642
114732
115010
116876
114464
24052
23574
22965
24116
23592
27842
27956
28043
27635
28962
33096
33560
32545
33554
33718
37981
39479
38210
38553
38368
43871
44154
42322
42237
43141
48208
47941
47175
47736
48585
52354
52648
52779
53749
51995
57798
57594
57684
58259
57134
63182
62782
62411
62476
62598
67658
68074
66582
67843
66300
71851
73210
73050
71598
71530
75218
77045
76748
76843
78039
82631
82419
81014
82352
81275
85347
86751
86769
86923
86861
90907
90612
90192
90839
91546
96467
96519
95592
97246
95629
100516
101525
101543
100676
101460
104948
105102
106002
105225
104221
110849
110313
112012
110500
110619
114101
114563
113325
113833
115085
23182
23368
23294
23099
22788
28335
27982
29324
26889
28259
31423
32585
34305
32267
32979
37813
38626
37649
37415
38648
43967
42678
43022
42995
40827
47934
46774
48220
47023
48345
51608
53272
51644
51808
52370
56954
56455
56249
56720
56076
62550
62179
61291
60541
61934
66742
67700
67317
67058
65834
72008
72433
70999
71203
70898
76053
76333
76161
76523
74949
81043
82646
81604
81522
81173
86146
87411
86636
86687
84580
89537
90394
90862
91483
91700
95238
94074
94566
95214
96482
101077
99430
100398
100571
99955
104807
103844
106367
105453
105977
110695
110433
109010
108827
111206
115603
114327
114749
115332
114331
22598
22342
23431
21854
23623
28388
27643
28438
27349
27014
33331
32408
32303
32313
32132
37768
38069
36603
37876
37350
41293
42763
42693
41857
42027
46620
46985
46438
47609
47365
51372
51379
52670
51443
52078
56853
57887
56760
56974
56971
61275
62233
61837
61874
62167
66156
66583
67067
66694
66110
69842
72706
71364
71452
72134
74546
75850
76056
77193
75344
81435
81300
80508
81001
80899
86540
86312
85605
84891
85072
89346
91066
90608
91326
89708
95363
95975
95234
96182
96185
100613
100466
100182
99270
100780
104905
105684
105971
104297
104762
109144
108826
108452
108386
109723
114582
114354
114488
114848
113683
22735
22439
22857
22367
22408
27339
27342
27864
27703
26572
32357
32014
32373
33193
32842
38375
37355
37333
36351
36838
42575
42290
41946
42334
42986
46817
46434
47183
47491
47740
50507
52001
51640
51972
50163
56798
56819
57315
55210
57238
61852
61697
60612
61081
61741
66804
66582
66489
65521
66361
70102
72028
70871
72365
70606
75707
76140
75646
74969
76848
80920
80133
80660
81875
81357
85702
85810
86610
82556
85100
89518
89495
90859
90194
90458
95813
95469
95968
95725
94091
98784
99736
101294
98719
100696
103644
103228
105527
105051
106006
110210
108349
109340
108371
109650
112632
112656
114447
114016
115428
22772
22138
22561
22447
22748
27528
27189
27262
27456
26769
32281
31540
31860
31829
32536
37400
37723
37507
36509
37128
41620
41774
42767
42350
42900
46815
46363
46499
46450
47224
51581
50989
51873
52277
52249
57503
56426
56791
55570
56092
60989
61465
61364
60259
61807
66158
66939
65723
66465
66196
70863
71457
70133
70713
70878
76184
75224
75332
74571
75868
80328
79976
80201
80274
80588
84650
85477
83759
83975
86046
89437
90333
90831
90132
90094
95216
94772
95888
95388
95591
101042
97568
99394
98043
99409
102424
104420
103606
105314
103923
108769
108782
110393
110575
109506
114463
113570
113376
114850
113618
22159
22735
22804
23820
21823
27689
27711
27254
28131
27296
32112
31867
32191
32020
31815
36462
37250
35997
36841
36693
43297
41328
41760
40761
40327
47140
47410
47295
45903
46476
51731
51228
51268
50958
51127
56674
55138
55665
55642
57079
60069
61744
60346
61216
60170
64345
66005
65931
66208
65229
71405
69792
69508
71068
70203
75791
76864
75872
74884
75047
80045
80741
80034
80184
80415
84396
85113
84495
86216
84727
89232
89470
89297
90427
89213
95321
94912
95094
93267
95516
98626
101161
99141
99221
100545
104879
104661
104670
102806
105595
108038
109762
110154
108336
108194
113305
114428
112962
114916
112879
21620
22541
22834
22516
22270
27299
28173
26511
25938
26753
32248
30959
32000
32500
32342
36188
36173
37351
36533
37144
42514
41029
41688
42575
42159
45040
46089
47103
47275
47424
50691
52044
52382
50038
50853
56686
54932
55295
55350
56202
61540
61355
60992
60272
62515
65596
65477
66937
65412
64697
69349
70404
70505
70345
70571
75834
74072
76055
75908
74525
81178
80248
80673
79374
80288
84734
85398
86884
85555
85177
88723
90006
89954
89076
90190
93839
94891
93705
94050
92602
98669
99969
99855
98180
100681
105041
102302
103534
106414
104915
107751
110238
109088
108586
108937
113111
113640
113106
113640
113127
21961
21833
21718
21957
22215
26150
26547
27281
26940
27183
31484
32244
33141
31461
31933
36581
36526
36327
35829
37252
41210
41500
42890
41511
41057
46852
46643
44516
46897
46173
50715
51141
51102
50236
51168
56577
56634
55600
55677
55036
61010
59904
60955
62545
59765
64251
66568
65790
66112
66078
70351
71280
70810
71709
70701
75484
76029
75484
76181
74543
78467
80266
81022
81031
79442
84523
85709
84434
84539
84697
90977
89639
90293
89569
89632
95587
95221
93314
96037
94417
100696
98637
98949
99744
98263
105358
103171
104140
104910
103394
108641
110122
108807
108481
108678
114295
111996
112832
113873
113083
21480
22194
22546
22320
21683
27297
27084
26972
26526
27301
31929
31611
31301
31684
30747
35951
34767
36192
35516
36424
42251
42240
41040
40866
41143
44810
46927
46547
46169
46633
50802
50994
50783
50630
50450
55280
54154
56022
57068
56573
60752
60576
61063
59891
59245
65673
64928
65518
65977
66069
69558
69907
69878
68668
70525
75224
74442
74338
74672
74429
80207
79870
80222
78300
79471
83312
84434
84075
84519
84667
89710
88439
89521
88519
88476
94983
94707
94866
94292
95110
98473
97811
97497
99610
99827
104537
103963
102631
103874
103259
108691
108308
107258
107905
107796
112163
113021
113097
110323
112937
22039
21805
21920
22932
21989
26555
27087
27229
27125
26105
31563
30414
30630
31956
31590
36465
36382
35485
36551
36438
42129
41442
41255
40457
40808
46301
45235
45864
46985
46212
50228
52724
51239
51253
49849
55324
55409
56129
55784
54973
60308
61517
60414
60654
60988
64206
64070
66205
66011
65005
70820
69388
69290
71506
68908
75810
75876
74723
74988
74917
78409
80355
79288
81228
79390
84392
85163
85795
84727
85325
89927
89327
89418
88220
89808
93604
92766
94755
94541
93265
98907
100562
98096
97644
96786
102947
103291
104498
102764
103082
108590
107068
108288
107829
110049
112683
112993
112978
113931
114114
21787
21586
22315
21987
21440
27178
26342
27207
27125
27246
31314
31495
31518
31414
31545
36579
36029
36425
36504
35385
41233
42096
41745
41269
41341
45995
44640
45309
45554
45669
50183
51096
51212
50468
51145
55660
54565
55210
56433
55213
60914
60123
60561
60458
59654
64510
64900
65451
64720
64937
70481
69772
68412
69713
69848
74684
73536
74761
74398
74781
79769
81094
80129
78739
79578
84544
85002
85219
84667
82610
89016
87987
87964
89987
88223
93640
95078
94079
93037
93542
98744
99650
100844
99636
98427
103077
101989
104926
104070
103465
108218
107929
108730
108572
108268
114008
113661
112529
113997
114670
21681
22748
21210
22270
21894
26507
27472
25845
26781
27116
32733
30797
31460
31833
31973
36124
36679
36844
35955
36062
40831
42397
41336
41551
41659
46287
46100
46306
46826
46511
50316
50728
51228
49841
50962
55379
55053
55169
55491
54950
60236
60663
61078
60558
59567
66010
64247
63914
64305
65556
69258
69678
68933
70064
69327
76103
75030
74346
75211
73958
80784
78919
80973
79720
79259
82431
84528
85401
84723
84996
89668
89209
87858
89940
87424
94295
94688
93092
95524
95161
98174
98762
98990
98501
99767
103526
104565
103440
103119
104304
107262
107996
108112
108282
108142
114441
113719
114171
112815
112301
22133
21590
21781
20634
21901
27342
27327
27070
27132
26369
31114
31291
30955
31071
32119
36690
36820
36557
35523
36190
41472
40939
41357
41349
41297
45212
46020
46563
45403
46004
50811
51590
52072
51060
51241
56038
54615
55112
54780
55725
60247
60658
60098
60362
59466
66265
63939
65551
64552
66021
69018
69265
70041
70200
70550
75462
73733
74253
74969
73438
78954
78391
80102
79597
81062
84940
83797
85086
84373
85176
89741
89878
88714
89555
90657
95120
94655
94267
93921
94402
100050
99287
98321
98232
98381
103884
103037
102472
103132
104718
108787
110537
107943
107942
108837
113829
112805
112013
113262
113401
21237
21973
21397
21612
21547
27292
27435
27549
26027
26604
31627
31891
31080
31300
30651
36874
36045
36318
35453
36004
39970
41382
40995
40949
41465
45676
46532
45620
45708
45572
51182
50098
50427
50175
50467
54722
55867
55819
55272
55422
60600
59890
59685
60075
60306
64364
66982
65994
63833
64618
69378
69196
68929
69642
70268
73595
76391
75438
73449
73815
80071
79679
78513
80246
79426
84206
83448
82808
84088
84062
89078
87657
89798
87622
88916
94150
93547
92674
93284
92506
97905
99563
97768
98015
99031
102093
104946
103280
104661
103379
108364
107509
107467
108450
109468
113456
112531
113710
113894
112658
21787
21818
22155
21732
21869
26737
26899
27205
27326
26918
30655
30824
32137
30707
30991
36309
36377
36222
36425
37041
41324
41054
40289
40177
40756
45447
46358
45408
46046
45716
49945
50413
50072
50306
50921
56043
55735
55729
55347
55697
60227
59689
59817
61694
60693
63987
64001
64570
65259
65232
69176
70253
68207
68678
70556
74898
74417
74390
74834
75960
79045
78797
79215
79456
79011
84888
84033
84100
83135
83087
88713
89348
88024
88132
89544
93814
95314
95636
93891
93789
100330
98582
98674
99745
97691
104055
101871
102415
102059
103137
107618
107872
108389
108087
108089
113541
112899
114007
111760
112496
21802
20854
21395
21693
22127
25442
26176
26109
27027
25604
31075
31568
31276
32130
31038
35558
36431
36744
36059
36084
41012
40985
40875
40295
40802
45281
45733
45729
46025
46592
50838
50275
49939
48556
51057
55767
55528
55570
55777
54486
61913
60347
59501
59781
59061
65323
65864
66047
64552
64489
71165
70538
71287
69242
68746
74356
75227
73048
76161
74291
79261
80166
79412
79471
80307
84594
84437
84165
84766
83935
90225
86830
89427
89121
88086
92587
93950
93990
93711
95530
98198
99662
98384
98724
99014
103190
103753
103443
103955
102699
108828
107354
108719
108240
107440
110054
114534
113517
112617
111691
21559
22042
21342
22098
21581
26207
26962
26104
26181
27332
30770
31115
31239
30529
31281
35576
37036
36814
36167
35543
41594
40488
40761
40242
41801
45341
45039
45542
45102
46540
50181
50749
49579
49759
49157
55212
55305
54543
54371
54073
61009
60824
58898
60839
59811
65038
64934
64589
64317
65157
70630
69713
69941
69722
69290
74527
73531
75350
74972
75225
80000
79380
79005
78708
79050
84333
81423
84204
82117
83227
88916
89065
89005
87580
89077
92717
93519
93125
93167
92789
97974
99743
98120
98145
98345
102027
104300
102970
102773
103231
108336
107362
106190
107434
107394
113412
112558
110784
112835
113114
20876
20980
21940
21671
21559
26967
26269
27274
25844
27711
30647
32136
31038
30559
31342
35725
36019
36637
35887
35969
40652
40157
41182
40000
40092
46228
45236
46348
46523
45577
50784
49918
49007
49529
51112
55505
55537
54988
56103
55557
59929
61664
59308
61538
60524
65780
63239
64410
65286
65003
68667
68439
69992
69910
69792
74611
75441
75688
76651
74092
80287
80362
79815
78608
78312
84416
84494
82647
85302
84089
88902
88895
88382
88609
88619
93491
93852
94836
91272
94159
98732
99943
97697
99739
96797
102336
104227
103777
103796
102699
108795
107696
107770
108073
107782
113387
112165
112020
113769
113269
21714
21249
21409
22555
21199
25591
27081
26071
26611
27388
31538
31332
31829
30218
31516
36291
36715
35261
37182
34925
41364
41647
39770
40958
42371
45311
46581
46975
44648
45255
51294
51124
50877
50238
52054
54994
55213
55779
54992
56776
60741
60118
60318
59823
59923
65895
63838
65379
65900
65465
69015
69000
70335
69551
69197
75276
74716
73993
74592
74667
79082
80150
79832
79310
79438
86881
85788
83833
84167
84631
89160
88746
89278
87094
89546
93210
94476
93915
93784
93658
99363
96742
97486
97121
98914
104106
104656
104508
103348
103333
107751
109362
106907
108099
108826
113933
112207
113127
112750
112296
22040
22001
20353
21835
21607
26885
27243
26201
26890
26187
30706
30856
32053
31058
30237
36754
35144
36713
36244
35556
40322
40802
39989
40194
40830
46222
44995
45819
45142
45651
50440
52109
50079
50531
51083
55043
55264
55272
56301
55245
59544
59580
59550
60248
60274
64902
65699
63718
64928
65946
69824
69214
69926
69063
69548
73078
75415
73976
74460
75092
80320
78806
78714
78009
79386
85217
84948
84185
82869
83797
90823
89686
88072
88692
90437
94133
93927
93928
93103
93221
97285
97122
99408
99496
98112
104350
102967
101844
104642
102919
107284
108310
107400
109252
108612
114168
112794
114495
114056
110944
21991
22079
21281
21562
22598
27230
26020
26930
25267
26925
31815
30569
32017
31408
30680
35887
37127
36552
36564
36654
40457
41198
41973
42464
40824
45246
45539
44849
45304
45962
50537
50974
50899
50683
49482
56379
54948
55360
55628
54933
60496
59315
60416
59977
61020
66053
63347
65072
63994
64593
68895
69683
69771
69377
70157
73489
74746
74322
74238
73584
78384
79008
78439
79402
79211
84545
83701
83407
84753
81749
89141
87643
90136
88552
89744
92793
93527
93146
91865
94112
99125
100188
96888
98130
97904
103960
102563
102647
103187
103227
109325
109594
109145
108220
109172
113116
112510
113267
113076
112852
21313
21585
21907
21927
21698
25519
26146
26145
26459
26583
31406
30936
31589
31469
30284
34702
36585
36616
35699
37289
41438
41223
39914
42233
41171
45353
45179
46409
45632
45533
50283
51720
50360
50383
50651
55556
55035
53954
55373
55582
60572
59732
60033
59771
59554
64260
65670
64044
65598
64204
69807
69301
69276
70219
69603
73125
74794
74673
74672
73673
78964
78837
78652
80276
78929
82625
82292
83319
84466
84802
88671
89366
89024
88313
88491
94425
94230
93553
93596
93435
98421
99223
97779
98341
99339
99466
103391
101365
101577
102183
106239
108778
107690
108017
107736
113251
111879
112971
110918
113073